
Data File: data/one_hundred_sentences.txt Length: 2
Total Chimp Counts: [1133, 975, 1889, 926, 889, 1192, 558, 869, 224, 34, 34, 732, 710, 213, 425, 943, 24, 986, 3488, 1022, 108, 36, 619, 0, 9, 0]
Total Markov Counts: [18, 2, 2, 2, 2, 4, 1, 11, 2, 0, 0, 0, 1, 0, 8, 0, 0, 0, 5, 24, 1, 0, 6, 0, 0, 0]
Chimp Average: 693.7692307692307
Markov Average: 3.423076923076923
Data File: data/one_hundred_sentences.txt Length: 4
Total Chimp Counts: [6449, 7902, 8298, 8249, 9454, 7970, 7512, 6970, 1718, 745, 533, 7707, 5721, 4561, 3668, 5767, 560, 9381, 9710, 7332, 977, 907, 4510, 0, 81, 0]
Total Markov Counts: [17, 0, 0, 0, 0, 0, 0, 5, 0, 0, 0, 0, 0, 0, 7, 0, 0, 0, 0, 3, 0, 0, 0, 0, 0, 0]
Chimp Average: 4872.384615384615
Markov Average: 1.2307692307692308
Data File: data/one_hundred_sentences.txt Length: 6
Total Chimp Counts: [9459, 9900, 9912, 9947, 9999, 9864, 9920, 9766, 4650, 3359, 2279, 9917, 9443, 9224, 7848, 7645, 6841, 9996, 9998, 9863, 2731, 4370, 8341, 0, 728, 0]
Total Markov Counts: [17, 0, 0, 0, 0, 0, 0, 3, 0, 0, 0, 0, 0, 0, 0, 0, 0, 0, 0, 0, 0, 0, 0, 0, 0, 0]
Chimp Average: 7153.846153846154
Markov Average: 0.7692307692307693
Data File: data/one_hundred_sentences.txt Length: 8
Total Chimp Counts: [9966, 9998, 10000, 10000, 10000, 9997, 9998, 9995, 7758, 6097, 5005, 9999, 9972, 9950, 9659, 8767, 9828, 10000, 10000, 10000, 4967, 7852, 9723, 0, 4686, 0]
Total Markov Counts: [17, 0, 0, 0, 0, 0, 0, 3, 0, 0, 0, 0, 0, 0, 0, 0, 0, 0, 0, 0, 0, 0, 0, 0, 0, 0]
Chimp Average: 8239.115384615385
Markov Average: 0.7692307692307693
Data File: data/one_hundred_sentences.txt Length: 10
Total Chimp Counts: [9999, 10000, 10000, 10000, 10000, 10000, 10000, 10000, 9384, 8068, 7381, 10000, 10000, 10000, 9975, 9374, 9994, 10000, 10000, 10000, 6881, 9526, 9972, 0, 8932, 0]
Total Markov Counts: [17, 0, 0, 0, 0, 0, 0, 3, 0, 0, 0, 0, 0, 0, 0, 0, 0, 0, 0, 0, 0, 0, 0, 0, 0, 0]
Chimp Average: 8826.384615384615
Markov Average: 0.7692307692307693
Data File: data/one_hundred_sentences.txt Length: 12
Total Chimp Counts: [10000, 10000, 10000, 10000, 10000, 10000, 10000, 10000, 9866, 9193, 9004, 10000, 10000, 10000, 9997, 9692, 10000, 10000, 10000, 10000, 8353, 9907, 9997, 0, 9858, 0]
Total Markov Counts: [17, 0, 0, 0, 0, 0, 0, 3, 0, 0, 0, 0, 0, 0, 0, 0, 0, 0, 0, 0, 0, 0, 0, 0, 0, 0]
Chimp Average: 9071.807692307691
Markov Average: 0.7692307692307693
Data File: data/one_hundred_sentences.txt Length: 14
Total Chimp Counts: [10000, 10000, 10000, 10000, 10000, 10000, 10000, 10000, 9982, 9694, 9666, 10000, 10000, 10000, 10000, 9855, 10000, 10000, 10000, 10000, 9211, 9987, 10000, 0, 9986, 0]
Total Markov Counts: [17, 0, 0, 0, 0, 0, 0, 3, 0, 0, 0, 0, 0, 0, 0, 0, 0, 0, 0, 0, 0, 0, 0, 0, 0, 0]
Chimp Average: 9168.5
Markov Average: 0.7692307692307693
Data File: data/one_hundred_sentences.txt Length: 16
Total Chimp Counts: [10000, 10000, 10000, 10000, 10000, 10000, 10000, 10000, 9999, 9899, 9921, 10000, 10000, 10000, 10000, 9925, 10000, 10000, 10000, 10000, 9646, 9999, 10000, 0, 10000, 0]
Total Markov Counts: [17, 0, 0, 0, 0, 0, 0, 3, 0, 0, 0, 0, 0, 0, 0, 0, 0, 0, 0, 0, 0, 0, 0, 0, 0, 0]
Chimp Average: 9207.26923076923
Markov Average: 0.7692307692307693